0, 0
0, 0
0, 0
0, 0
0, 0
0, 0
0, 0
0, 0
0, 0
0, 0
0, 0
0, 0
0, 0
0, 0
0, 0
0, 0
0, 0
0, 0
0, 0
0, 0
0, 0
0, 0
0, 0
0, 0
0, 0
0, 0
0, 0
0, 0
0, 0
0, 0
0, 0
0, 0
0, 0
0, 0
0, 0
0, 0
0, 0
0, 0
0, 0
0, 0
0, 0
0, 0
0, 0
0, 0
0, 0
0, 0
0, 0
0, 0
0, 0
0, 0
0, 0
0, 0
0, 0
0, 0
0, 0
0, 0
0, 0
0, 0
0, 0
0, 0
0, 0
0, 0
0, 0
0, 0
0, 0
0, 0
0, 0
0, 0
0, 0
0, 0
0, 0
0, 0
0, 0
0, 0
0, 0
0, 0
0, 0
0, 0
0, 0
0, 0
0, 0
0, 0
0, 0
0, 0
0, 0
0, 0
0, 0
0, 0
0, 0
0, 0
0, 0
0, 0
0, 0
0, 0
0, 0
0, 0
0, 0
0, 0
0, 0
0, 0
0, 0
0, 0
0, 0
0, 0
0, 0
0, 0
0, 0
0, 0
0, 0
0, 0
0, 0
0, 0
0, 0
0, 0
0, 0
0, 0
0, 0
0, 0
0, 0
0, 0
0, 0
0, 0
0, 0
0, 0
0, 0
0, 0
0, 0
0, 0
0, 0
0, 0
0, 0
0, 0
0, 0
0, 0
0, 0
0, 0
0, 0
0, 0
0, 0
0, 0
0, 0
0, 0
0, 0
0, 0
0, 0
0, 0
0, 0
0, 0
0, 0
0, 0
0, 0
0, 0
0, 0
0, 0
0, 0
0, 0
0, 0
0, 0
0, 0
0, 0
0, 0
0, 0
0, 0
0, 0
0, 0
0, 0
0, 0
0, 0
0, 0
0, 0
0, 0
0, 0
0, 0
0, 0
0, 0
0, 0
0, 0
0, 0
0, 0
0, 0
0, 0
0, 0
0, 0
0, 0
0, 0
0, 0
0, 0
0, 0
0, 0
0, 0
0, 0
0, 0
0, 0
0, 0
0, 0
0, 0
0, 0
0, 0
0, 0
0, 0
0, 0
0, 0
0, 0
0, 0
0, 0
0, 0
0, 0
0, 0
0, 0
0, 0
0, 0
0, 0
0, 0
0, 0
0, 0
0, 0
0, 0
0, 0
0, 0
0, 0
0, 0
0, 0
0, 0
0, 0
0, 0
0, 0
4, 0
11, 0
11, 0
14, 0
14, 0
14, 0
14, 0
14, 0
14, 0
14, 0
14, 0
14, 0
14, 0
14, 0
14, 0
14, 0
14, 0
14, 0
14, 0
14, 0
14, 0
14, 0
14, 0
14, 0
14, 0
14, 0
14, 0
14, 0
14, 0
14, 0
14, 0
14, 0
14, 0
14, 0
14, 0
14, 0
14, 0
18, 0
18, 0
18, 0
21, 0
18, 0
21, 0
18, 0
21, 0
18, 0
21, 0
18, 0
21, 0
18, 0
21, 0
18, 0
21, 0
18, 0
21, 0
18, 0
21, 0
18, 0
21, 0
18, 0
21, 0
18, 0
21, 0
18, 0
21, 0
18, 0
21, 0
18, 0
21, 0
18, 0
21, 0
18, 0
21, 0
18, 0
21, 0
18, 0
21, 0
18, 0
21, 0
18, 0
21, 0
18, 0
21, 0
18, 0
21, 0
18, 0
21, 0
18, 0
21, 0
18, 0
21, 0
18, 0
21, 0
18, 0
21, 0
18, 0
21, 0
18, 0
21, 0
18, 0
14, 0
11, 0
11, 0
4, 0
-4, 0
-4, 0
-7, -2
0, -5
0, -9
0, -7
0, -9
0, -7
0, -9
0, -7
0, -9
7, -7
11, -5
11, -5
11, -5
11, -7
11, -5
14, -5
11, -5
11, -5
11, -5
11, -5
11, -7
14, -5
11, -5
11, -5
11, -5
11, -5
11, -7
18, -2
18, 0
18, 0
21, 0
18, 0
21, 0
18, 0
21, 0
18, 0
21, 0
18, 0
21, 0
18, 0
21, 0
18, 0
21, 0
18, 0
21, 0
18, 0
21, 0
18, 0
21, 0
18, 0
21, 0
18, 0
21, 0
18, 0
21, 0
18, 0
21, 0
18, 0
21, 0
18, 0
21, 0
18, 0
21, 0
18, 0
21, 0
18, 0
21, 0
18, 0
21, 0
18, 0
21, 0
18, 0
21, 0
18, 0
21, 0
18, 0
21, 0
18, 0
21, 0
18, 0
21, 0
18, 0
21, 0
18, 0
21, 0
18, 0
21, 0
18, 0
21, 0
18, 0
21, 0
18, 0
21, 0
18, 0
21, 0
18, 0
21, 0
18, 0
21, 0
18, 0
21, 0
18, 0
21, 0
18, 0
21, 0
18, 0
21, 0
18, 0
21, 0
18, 0
21, 0
18, 0
21, 0
18, 0
21, 0
18, 0
21, 0
18, 0
21, 0
18, 0
11, 0
11, 0
11, 0
7, 0
11, 0
7, 0
11, 0
7, 0
7, 0
11, 0
11, 0
7, 0
0, 0
-4, 0
-4, 0
-7, -4
0, -7
0, -7
0, -9
0, -7
4, -9
11, -4
18, 0
18, 0
21, 0
18, 0
21, -2
18, 0
21, 0
18, 0
11, 0
0, 0
-7, 0
0, -5
-4, -5
0, -7
0, -7
0, -9
0, -7
0, -9
0, -7
0, -9
4, -7
11, -7
11, -5
11, -5
11, -5
14, -5
11, -5
11, -7
11, -5
11, -5
11, -5
11, -5
14, -5
11, -5
11, -7
11, -5
11, -5
11, -5
14, -5
11, -5
18, 0
18, 0
21, 0
18, 0
21, 0
18, 0
21, 0
18, 0
21, 0
18, 0
21, -2
18, 2
21, -2
18, 0
21, 0
18, 0
21, 0
18, 0
21, 0
18, 0
18, 0
21, 0
18, 0
21, 0
18, 0
21, 0
18, 0
0, 0
-4, 0
-7, 0
-4, 2
-4, 4
-4, 7
0, 9
0, 7
0, 9
0, 7
0, 9
0, 7
4, 7
14, 5
14, 0
21, 2
18, -2
21, 0
18, 2
21, 0
18, -2
21, 0
18, 0
21, 2
18, -2
21, 2
18, -2
21, 2
14, 0
11, 0
11, 0
7, -2
11, 0
7, 2
11, 0
11, 0
7, 0
7, -2
-4, 0
-7, 2
-4, 0
-4, 0
0, 0
0, 0
0, 0
0, 0
0, 0
0, 0
0, 0
0, 0
0, 0
0, 0
0, 0
0, 0
0, 0
0, 0
0, 0
0, 0
0, 0
0, 0
0, 0
0, 0
0, 0
0, 0
0, 0
0, 0
0, 0
0, 0
0, 0
0, 0
0, 0
0, 0
0, 0
0, 0
0, 0
0, 0
0, 0
0, 0
0, 0
0, 0
0, 0
0, 0
0, 0
0, 0
0, 0
0, 0
0, 0
0, 0
0, 0
0, 0
0, 0
0, 0
0, 0
0, 0
0, 0
0, 0
0, 0
0, 0
0, 0
0, 0
0, 0
0, 0
0, 0
0, 0
0, 0
0, 0
0, 0
0, 0
0, 0
0, 0
0, 0
0, 0
0, 0
0, 0
0, 0
0, 0
0, 0
0, 0
0, 0
0, 0
0, 0
0, 0
0, 0
0, 0
0, 0
0, 0
0, 0
0, 0
0, 0
0, 0
0, 0
0, 0
0, 0
0, 0
0, 0
0, 0
0, 0
0, 0
0, 0
0, 0
0, 0
0, 0
0, 0
0, 0
0, 0
0, 0
0, 0
0, 0
0, 0
0, 0
0, 0
0, 0
0, 0
0, 0
0, 0
0, 0
0, 0
0, 0
0, 0
0, 0
0, 0
0, 0
0, 0
0, 0
0, 0
0, 0
0, 0
0, 0
0, 0
0, 0
0, 0
0, 0
0, 0
0, 0
0, 0
0, 0
0, 0
0, 0
0, 0
0, 0
0, 0
0, 0
0, 0
0, 0
0, 0
0, 0
0, 0
0, 0
0, 0
0, 0
0, 0
0, 0
0, 0
0, 0
0, 0
0, 0
0, 0
0, 0
0, 0
0, 0
0, 0
0, 0
0, 0
0, 0
0, 0
0, 0
0, 0
